8.5 -315
8.5 -315
8.5 -315
8.5 -315
8.5 -315
8.5 -315
8.5 -315
8.5 -315
8.5 -315
8.5 -315
8.5 -315
8.5 -315
8.5 -315
8.5 -315
8.5 -315
8.5 -315
8.5 -315
8.5 -315
8.5 -315
8.5 -315
8.5 -315
8.5 -315
8.5 -315
8.5 -315
8.5 -315
8.5 -315
8.5 -315
8.5 -315
8.5 -315
8.5 -315
8.5 -315
8.5 -315
8.5 -315
8.5 -315
8.5 -315
8.5 -315
8.50451 -314.996
8.53689 -314.963
8.59346 -314.907
8.66915 -314.832
8.75998 -314.741
8.86379 -314.637
8.97934 -314.52
9.10597 -314.392
9.24303 -314.254
9.39001 -314.104
9.54657 -313.944
9.71249 -313.774
9.88761 -313.594
10.0715 -313.404
10.2582 -313.211
10.4472 -313.015
10.6426 -312.815
10.8451 -312.61
11.056 -312.397
11.2783 -312.173
11.51 -311.939
11.7496 -311.697
11.998 -311.447
12.2553 -311.188
12.5222 -310.919
12.7983 -310.641
13.084 -310.353
13.377 -310.058
13.6741 -309.759
13.9716 -309.46
14.2675 -309.163
14.5605 -308.869
14.8499 -308.58
15.1353 -308.294
15.4176 -308.012
15.6976 -307.733
15.9767 -307.455
16.2562 -307.176
16.5375 -306.896
16.8212 -306.613
17.1073 -306.328
17.3952 -306.041
17.6842 -305.753
17.973 -305.465
18.2614 -305.177
18.5484 -304.89
18.8343 -304.604
19.1189 -304.319
19.4027 -304.035
19.6858 -303.752
19.969 -303.469
20.2525 -303.185
20.5367 -302.9
20.8214 -302.615
21.1069 -302.33
21.3925 -302.043
21.6784 -301.757
21.9641 -301.47
22.2495 -301.184
22.5345 -300.898
22.8193 -300.612
23.1035 -300.327
23.3877 -300.042
23.6717 -299.757
23.9559 -299.472
24.2402 -299.186
24.5247 -298.901
24.8093 -298.615
25.094 -298.329
25.3786 -298.043
25.6634 -297.756
25.9479 -297.47
26.2325 -297.184
26.5168 -296.898
26.8011 -296.612
27.0852 -296.326
27.3694 -296.041
27.6535 -295.755
27.9378 -295.469
28.2219 -295.183
28.5062 -294.897
28.7904 -294.611
29.0748 -294.325
29.359 -294.039
29.6434 -293.752
29.9277 -293.466
30.212 -293.18
30.4962 -292.894
30.7804 -292.608
31.0645 -292.322
31.3487 -292.036
31.6328 -291.75
31.917 -291.464
32.2011 -291.178
32.4854 -290.892
32.7696 -290.606
33.0538 -290.319
33.3379 -290.033
33.6222 -289.747
33.9063 -289.461
34.1906 -289.175
34.4749 -288.889
34.7593 -288.603
35.0436 -288.317
35.3281 -288.031
35.6125 -287.746
35.897 -287.46
36.1813 -287.174
36.4659 -286.888
36.7503 -286.602
37.0348 -286.316
37.3192 -286.03
37.6038 -285.745
37.8888 -285.46
38.1745 -285.175
38.4604 -284.891
38.7467 -284.606
39.033 -284.323
39.3196 -284.039
39.6062 -283.755
39.8931 -283.472
40.1799 -283.188
40.4669 -282.905
40.7539 -282.622
41.0411 -282.339
41.329 -282.056
41.6179 -281.775
41.9071 -281.494
42.1968 -281.214
42.4867 -280.933
42.777 -280.653
43.0674 -280.374
43.358 -280.094
43.6487 -279.815
43.9396 -279.535
44.2305 -279.256
44.5215 -278.977
44.8135 -278.699
45.1066 -278.422
45.4 -278.145
45.6939 -277.869
45.9881 -277.593
46.2827 -277.318
46.5774 -277.043
46.8724 -276.768
47.1675 -276.493
47.4628 -276.218
47.7581 -275.943
48.0536 -275.669
48.349 -275.395
48.6457 -275.121
48.9433 -274.85
49.2415 -274.578
49.54 -274.307
49.839 -274.036
50.1382 -273.766
50.4377 -273.496
50.7374 -273.226
51.0373 -272.957
51.3372 -272.687
51.6374 -272.418
51.9375 -272.148
52.2389 -271.88
52.5411 -271.614
52.8439 -271.347
53.147 -271.082
53.4507 -270.816
53.7545 -270.551
54.0587 -270.286
54.363 -270.022
54.6675 -269.757
54.9721 -269.493
55.2769 -269.229
55.5816 -268.965
55.8876 -268.702
56.1944 -268.44
56.5018 -268.18
56.8095 -267.919
57.1176 -267.659
57.426 -267.399
57.7347 -267.139
58.0435 -266.88
58.3526 -266.621
58.6617 -266.362
58.971 -266.103
59.2803 -265.845
59.5907 -265.587
59.902 -265.331
60.2138 -265.075
60.5259 -264.82
60.8386 -264.565
61.1513 -264.311
61.4645 -264.057
61.7777 -263.803
62.0912 -263.549
62.4047 -263.295
62.7184 -263.042
63.0321 -262.789
63.347 -262.537
63.6626 -262.286
63.9788 -262.036
64.2952 -261.786
64.6122 -261.536
64.9293 -261.287
65.2468 -261.039
65.5643 -260.79
65.8821 -260.542
66.1999 -260.294
66.518 -260.045
66.836 -259.798
67.1551 -259.551
67.475 -259.306
67.7954 -259.061
68.1161 -258.817
68.4373 -258.573
68.7587 -258.329
69.0804 -258.086
69.4021 -257.843
69.7242 -257.6
70.0462 -257.357
70.3684 -257.115
70.6906 -256.872
71.013 -256.63
71.3362 -256.389
71.6605 -256.149
71.9851 -255.91
72.3102 -255.672
72.6356 -255.434
72.9613 -255.196
73.2872 -254.958
73.6134 -254.721
73.9396 -254.484
74.2661 -254.247
74.5925 -254.011
74.9191 -253.774
75.2466 -253.539
75.575 -253.305
75.9038 -253.072
76.2331 -252.839
76.5625 -252.606
76.8924 -252.374
77.2224 -252.143
77.5528 -251.911
77.8831 -251.68
78.2137 -251.449
78.5442 -251.218
78.875 -250.987
79.2065 -250.758
79.539 -250.529
79.8717 -250.302
80.205 -250.075
80.5385 -249.848
80.8724 -249.622
81.2064 -249.396
81.5407 -249.17
81.875 -248.945
82.2095 -248.72
82.544 -248.495
82.8787 -248.269
83.2142 -248.046
83.5505 -247.823
83.8872 -247.602
84.2244 -247.38
84.5617 -247.16
84.8995 -246.939
85.2373 -246.719
85.5754 -246.499
85.9135 -246.28
86.2519 -246.06
86.5903 -245.841
86.9288 -245.621
87.2681 -245.404
87.6082 -245.187
87.9487 -244.971
88.2896 -244.756
88.6307 -244.541
88.9721 -244.326
89.3137 -244.112
89.6556 -243.898
89.9975 -243.684
90.3396 -243.47
90.6816 -243.257
91.0239 -243.044
91.3669 -242.832
91.7107 -242.621
92.0548 -242.411
92.3994 -242.201
92.7441 -241.992
93.0893 -241.784
93.4345 -241.575
93.78 -241.367
94.1255 -241.159
94.4712 -240.951
94.8169 -240.744
95.1628 -240.536
95.5085 -240.329
95.8554 -240.123
96.2027 -239.919
96.5507 -239.715
96.8988 -239.512
97.2474 -239.309
97.5961 -239.106
97.9451 -238.904
98.2941 -238.702
98.6434 -238.5
98.9927 -238.299
99.3422 -238.098
99.6916 -237.896
100.042 -237.697
100.393 -237.498
100.744 -237.301
101.096 -237.104
101.448 -236.907
101.8 -236.711
102.153 -236.515
102.505 -236.319
102.858 -236.123
103.211 -235.928
103.564 -235.733
103.917 -235.538
104.271 -235.344
104.625 -235.152
104.98 -234.96
105.335 -234.769
105.69 -234.579
106.046 -234.389
106.402 -234.199
106.757 -234.009
107.114 -233.82
107.47 -233.631
107.826 -233.442
108.182 -233.253
108.539 -233.065
108.897 -232.879
109.255 -232.694
109.613 -232.509
109.972 -232.325
110.331 -232.141
110.69 -231.957
111.049 -231.773
111.408 -231.59
111.767 -231.407
112.127 -231.224
112.486 -231.042
112.847 -230.86
113.207 -230.68
113.569 -230.501
113.93 -230.323
114.292 -230.145
114.654 -229.967
115.016 -229.789
115.378 -229.612
115.741 -229.435
116.103 -229.258
116.466 -229.081
116.828 -228.905
117.191 -228.73
117.555 -228.556
117.92 -228.383
118.284 -228.211
118.649 -228.039
119.014 -227.868
119.379 -227.696
119.744 -227.525
120.109 -227.355
120.475 -227.184
120.84 -227.014
121.206 -226.843
121.571 -226.673
121.938 -226.504
122.305 -226.337
122.672 -226.171
123.039 -226.005
123.407 -225.839
123.775 -225.674
124.143 -225.51
124.511 -225.345
124.88 -225.181
125.248 -225.017
125.617 -224.853
125.985 -224.69
126.354 -224.528
126.724 -224.367
127.094 -224.207
127.465 -224.047
127.835 -223.889
128.206 -223.73
128.577 -223.572
128.948 -223.414
129.319 -223.256
129.691 -223.099
130.062 -222.941
130.433 -222.784
130.805 -222.629
131.178 -222.474
131.55 -222.321
131.924 -222.168
132.297 -222.016
132.67 -221.864
133.044 -221.712
133.418 -221.56
133.792 -221.409
134.166 -221.258
134.54 -221.107
134.914 -220.957
135.288 -220.807
135.663 -220.66
136.039 -220.513
136.415 -220.366
136.79 -220.22
137.167 -220.075
137.543 -219.929
137.919 -219.784
138.295 -219.64
138.672 -219.495
139.049 -219.351
139.425 -219.207
139.802 -219.064
140.18 -218.923
140.558 -218.782
140.936 -218.642
141.314 -218.503
141.693 -218.364
142.071 -218.225
142.45 -218.087
142.829 -217.948
143.208 -217.81
143.587 -217.672
143.966 -217.535
144.346 -217.398
144.726 -217.264
145.106 -217.13
145.486 -216.996
145.867 -216.863
146.248 -216.731
146.629 -216.599
147.01 -216.467
147.391 -216.335
147.772 -216.203
148.154 -216.072
148.535 -215.941
148.916 -215.81
149.298 -215.68
149.68 -215.551
150.062 -215.422
150.445 -215.294
150.827 -215.167
151.21 -215.039
151.593 -214.912
151.975 -214.785
152.358 -214.658
152.741 -214.532
153.124 -214.405
153.507 -214.279
153.89 -214.153
154.273 -214.027
154.656 -213.902
155.04 -213.777
155.423 -213.652
155.806 -213.527
156.19 -213.402
156.573 -213.277
156.957 -213.153
157.34 -213.028
157.724 -212.903
158.108 -212.779
158.491 -212.655
158.875 -212.53
159.259 -212.406
159.642 -212.282
160.026 -212.158
160.41 -212.034
160.793 -211.91
161.177 -211.786
161.561 -211.663
161.945 -211.539
162.328 -211.415
162.712 -211.291
163.096 -211.167
163.48 -211.043
163.864 -210.92
164.247 -210.796
164.631 -210.672
165.015 -210.549
165.399 -210.425
165.783 -210.302
166.167 -210.178
166.551 -210.055
166.934 -209.931
167.318 -209.808
167.702 -209.684
168.086 -209.561
168.47 -209.437
168.854 -209.314
169.238 -209.19
169.622 -209.067
170.006 -208.943
170.389 -208.82
170.773 -208.697
171.157 -208.573
171.541 -208.45
171.925 -208.326
172.309 -208.203
172.693 -208.08
173.077 -207.956
173.461 -207.833
173.845 -207.709
174.229 -207.586
174.613 -207.463
174.996 -207.339
175.38 -207.216
175.764 -207.093
176.148 -206.969
176.532 -206.846
176.916 -206.722
177.3 -206.599
177.684 -206.476
178.068 -206.352
178.452 -206.229
178.836 -206.106
179.22 -205.982
179.603 -205.859
179.988 -205.736
180.371 -205.612
180.755 -205.489
181.139 -205.366
181.523 -205.242
181.907 -205.119
182.291 -204.996
182.675 -204.872
183.059 -204.749
183.443 -204.626
183.827 -204.502
184.211 -204.379
184.595 -204.256
184.979 -204.132
185.363 -204.009
185.746 -203.886
186.13 -203.762
186.514 -203.639
186.898 -203.516
187.282 -203.392
187.666 -203.269
188.05 -203.146
188.434 -203.022
188.818 -202.899
189.202 -202.776
189.586 -202.652
189.97 -202.529
190.354 -202.406
190.738 -202.282
191.122 -202.159
191.506 -202.036
191.889 -201.912
192.273 -201.788
192.657 -201.664
193.041 -201.54
193.424 -201.416
193.808 -201.292
194.192 -201.168
194.576 -201.044
194.959 -200.92
195.343 -200.796
195.726 -200.671
196.11 -200.547
196.493 -200.422
196.877 -200.297
197.26 -200.171
197.643 -200.045
198.026 -199.919
198.409 -199.793
198.792 -199.667
199.175 -199.54
199.558 -199.413
199.941 -199.287
200.323 -199.16
200.706 -199.033
201.089 -198.907
201.472 -198.779
201.854 -198.65
202.236 -198.522
202.618 -198.393
203 -198.264
203.382 -198.134
203.764 -198.004
204.146 -197.875
204.528 -197.745
204.909 -197.615
205.291 -197.485
205.673 -197.355
206.054 -197.224
206.435 -197.092
206.816 -196.96
207.197 -196.827
207.578 -196.695
207.958 -196.562
208.339 -196.428
208.72 -196.295
209.1 -196.162
209.481 -196.028
209.861 -195.895
210.242 -195.761
210.622 -195.627
211.002 -195.493
211.382 -195.357
211.762 -195.222
212.141 -195.085
212.521 -194.949
212.9 -194.812
213.28 -194.675
213.659 -194.538
214.038 -194.401
214.417 -194.264
214.796 -194.127
215.176 -193.989
215.554 -193.851
215.933 -193.712
216.311 -193.572
216.689 -193.432
217.067 -193.292
217.446 -193.152
217.823 -193.011
218.201 -192.87
218.579 -192.73
218.957 -192.589
219.335 -192.448
219.713 -192.306
220.09 -192.165
220.468 -192.023
220.845 -191.88
221.222 -191.737
221.598 -191.593
221.975 -191.449
222.352 -191.305
222.728 -191.161
223.105 -191.016
223.481 -190.872
223.858 -190.727
224.234 -190.582
224.61 -190.437
224.987 -190.292
225.362 -190.146
225.738 -189.999
226.113 -189.852
226.489 -189.705
226.864 -189.557
227.239 -189.409
227.614 -189.261
227.989 -189.112
228.364 -188.964
228.739 -188.815
229.114 -188.667
229.489 -188.518
229.863 -188.368
230.237 -188.218
230.611 -188.067
230.985 -187.916
231.359 -187.764
231.732 -187.613
232.106 -187.461
232.479 -187.308
232.853 -187.156
233.226 -187.004
233.6 -186.852
233.973 -186.699
234.346 -186.547
234.719 -186.393
235.092 -186.239
235.464 -186.084
235.836 -185.929
236.209 -185.774
236.581 -185.619
236.953 -185.463
237.325 -185.307
237.697 -185.151
238.068 -184.995
238.44 -184.839
238.812 -184.683
239.184 -184.526
239.555 -184.369
239.926 -184.212
240.297 -184.054
240.668 -183.896
241.039 -183.738
241.411 -183.58
241.782 -183.422
242.153 -183.264
242.523 -183.106
242.894 -182.948
243.265 -182.789
243.636 -182.631
244.007 -182.473
244.378 -182.314
244.748 -182.155
245.119 -181.996
245.489 -181.837
245.86 -181.678
246.231 -181.519
246.601 -181.36
246.972 -181.201
247.342 -181.041
247.713 -180.882
248.083 -180.723
248.454 -180.564
248.824 -180.404
249.194 -180.245
249.565 -180.085
249.935 -179.926
250.306 -179.766
250.676 -179.607
251.046 -179.447
251.417 -179.288
251.787 -179.128
252.157 -178.969
252.528 -178.809
252.898 -178.65
253.269 -178.49
253.639 -178.331
254.009 -178.171
254.379 -178.011
254.75 -177.852
255.12 -177.692
255.49 -177.533
255.861 -177.373
256.231 -177.213
256.601 -177.053
256.972 -176.894
257.342 -176.734
257.712 -176.574
258.083 -176.415
258.453 -176.255
258.823 -176.095
259.193 -175.936
259.564 -175.776
259.934 -175.616
260.304 -175.456
260.675 -175.296
261.045 -175.137
261.415 -174.977
261.785 -174.817
262.155 -174.657
262.526 -174.498
262.896 -174.338
263.266 -174.178
263.636 -174.018
264.007 -173.858
264.377 -173.699
264.747 -173.539
265.117 -173.379
265.487 -173.219
265.858 -173.059
266.228 -172.899
266.598 -172.74
266.968 -172.58
267.339 -172.42
267.709 -172.26
268.079 -172.101
268.449 -171.941
268.82 -171.781
269.19 -171.621
269.56 -171.461
269.93 -171.302
270.301 -171.142
270.671 -170.982
271.041 -170.822
271.411 -170.662
271.781 -170.503
272.152 -170.343
272.522 -170.183
272.892 -170.023
273.262 -169.863
273.633 -169.704
274.003 -169.544
274.373 -169.384
274.743 -169.224
275.113 -169.065
275.484 -168.905
275.854 -168.745
276.224 -168.585
276.594 -168.425
276.965 -168.266
277.335 -168.106
277.705 -167.946
278.075 -167.786
278.446 -167.626
278.816 -167.467
279.186 -167.307
279.556 -167.147
279.927 -166.987
280.297 -166.828
280.667 -166.668
281.037 -166.508
281.408 -166.348
281.778 -166.188
282.148 -166.029
282.518 -165.869
282.888 -165.709
283.259 -165.549
283.629 -165.389
283.999 -165.23
284.37 -165.07
284.74 -164.91
285.11 -164.75
285.48 -164.591
285.851 -164.431
286.221 -164.271
286.591 -164.111
286.961 -163.951
287.331 -163.791
287.702 -163.631
288.072 -163.471
288.442 -163.311
288.812 -163.151
289.182 -162.991
289.552 -162.831
289.922 -162.67
290.292 -162.509
290.661 -162.347
291.03 -162.184
291.399 -162.022
291.768 -161.859
292.137 -161.696
292.506 -161.533
292.874 -161.369
293.243 -161.206
293.612 -161.043
293.98 -160.879
294.348 -160.714
294.716 -160.548
295.083 -160.381
295.45 -160.214
295.816 -160.046
296.183 -159.878
296.549 -159.71
296.916 -159.541
297.282 -159.372
297.648 -159.203
298.014 -159.034
298.38 -158.865
298.746 -158.696
299.111 -158.525
299.476 -158.353
299.84 -158.18
300.204 -158.006
300.568 -157.832
300.931 -157.657
301.295 -157.482
301.658 -157.307
302.021 -157.131
302.384 -156.956
302.747 -156.78
303.11 -156.604
303.472 -156.426
303.833 -156.247
304.194 -156.067
304.554 -155.887
304.915 -155.706
305.275 -155.525
305.635 -155.343
305.995 -155.161
306.354 -154.978
306.714 -154.796
307.074 -154.613
307.433 -154.43
307.792 -154.248
308.151 -154.063
308.509 -153.877
308.866 -153.69
309.223 -153.503
309.579 -153.315
309.936 -153.126
310.292 -152.937
310.649 -152.748
311.005 -152.559
311.361 -152.369
311.716 -152.179
312.072 -151.989
312.428 -151.799
312.782 -151.607
313.136 -151.414
313.49 -151.22
313.842 -151.025
314.195 -150.83
314.548 -150.634
314.9 -150.438
315.253 -150.242
315.605 -150.045
315.957 -149.848
316.309 -149.651
316.66 -149.454
317.011 -149.255
317.361 -149.055
317.711 -148.854
318.06 -148.653
318.409 -148.45
318.757 -148.248
319.106 -148.045
319.454 -147.841
319.802 -147.638
320.15 -147.434
320.498 -147.23
320.846 -147.026
321.194 -146.822
321.54 -146.616
321.886 -146.409
322.232 -146.201
322.577 -145.992
322.921 -145.783
323.266 -145.574
323.61 -145.364
323.954 -145.153
324.298 -144.943
324.642 -144.732
324.986 -144.521
325.33 -144.31
325.673 -144.099
326.016 -143.886
326.357 -143.672
326.698 -143.457
327.039 -143.241
327.379 -143.025
327.719 -142.809
328.059 -142.592
328.399 -142.374
328.739 -142.157
329.078 -141.939
329.418 -141.721
329.757 -141.503
330.095 -141.283
330.432 -141.062
330.769 -140.841
331.105 -140.618
331.441 -140.395
331.777 -140.172
332.113 -139.948
332.448 -139.724
332.783 -139.5
333.118 -139.276
333.453 -139.051
333.788 -138.827
334.123 -138.602
334.457 -138.375
334.789 -138.148
335.122 -137.919
335.453 -137.69
335.785 -137.461
336.116 -137.231
336.447 -137
336.778 -136.769
337.108 -136.539
337.439 -136.307
337.769 -136.076
338.1 -135.845
338.43 -135.613
338.759 -135.38
339.087 -135.146
339.414 -134.91
339.741 -134.675
340.068 -134.438
340.394 -134.201
340.72 -133.964
341.046 -133.727
341.372 -133.489
341.698 -133.251
342.024 -133.013
342.349 -132.775
342.673 -132.536
342.996 -132.295
343.319 -132.053
343.641 -131.811
343.963 -131.568
344.285 -131.325
344.606 -131.081
344.928 -130.837
345.249 -130.593
345.57 -130.349
345.891 -130.104
346.211 -129.86
346.532 -129.615
346.851 -129.369
347.17 -129.122
347.487 -128.874
347.805 -128.625
348.122 -128.376
348.438 -128.126
348.755 -127.876
349.071 -127.626
349.387 -127.376
349.703 -127.125
350.019 -126.874
350.335 -126.623
350.65 -126.372
350.964 -126.119
351.278 -125.866
351.59 -125.611
351.902 -125.356
352.214 -125.1
352.526 -124.844
352.837 -124.588
353.148 -124.331
353.459 -124.074
353.77 -123.817
354.08 -123.56
354.391 -123.302
354.7 -123.044
355.008 -122.783
355.316 -122.523
355.622 -122.261
355.929 -122
356.236 -121.737
356.542 -121.475
356.848 -121.212
357.153 -120.949
357.459 -120.686
357.765 -120.422
358.07 -120.159
358.375 -119.895
358.678 -119.63
358.98 -119.363
359.281 -119.095
359.582 -118.826
359.882 -118.557
360.181 -118.287
360.48 -118.016
360.779 -117.745
361.078 -117.474
361.376 -117.202
361.674 -116.931
361.972 -116.659
362.27 -116.387
362.566 -116.113
362.859 -115.837
363.151 -115.559
363.442 -115.281
363.733 -115.001
364.023 -114.721
364.313 -114.44
364.602 -114.159
364.89 -113.877
365.179 -113.595
365.467 -113.313
365.755 -113.03
366.042 -112.748
366.328 -112.463
366.61 -112.176
366.891 -111.887
367.172 -111.598
367.451 -111.307
367.73 -111.016
368.008 -110.724
368.286 -110.431
368.563 -110.138
368.84 -109.845
369.117 -109.551
369.393 -109.257
369.669 -108.963
369.943 -108.667
370.213 -108.369
370.482 -108.069
370.75 -107.768
371.018 -107.466
371.284 -107.164
371.55 -106.86
371.815 -106.556
372.08 -106.252
372.345 -105.947
372.609 -105.642
372.873 -105.338
373.134 -105.03
373.392 -104.721
373.649 -104.411
373.904 -104.099
374.159 -103.787
374.413 -103.473
374.666 -103.16
374.919 -102.845
375.172 -102.53
375.424 -102.215
375.675 -101.9
375.927 -101.585
376.178 -101.269
376.426 -100.952
376.671 -100.632
376.915 -100.311
377.157 -99.9894
377.399 -99.6667
377.64 -99.3431
377.88 -99.0191
378.119 -98.6943
378.358 -98.3694
378.597 -98.0441
378.836 -97.7188
379.074 -97.3931
379.311 -97.0675
379.546 -96.7399
379.778 -96.4105
380.008 -96.0797
380.236 -95.748
380.464 -95.4153
380.691 -95.082
380.918 -94.748
380.905 -94.7605
380.905 -94.7605
380.905 -94.7616
380.905 -94.7618
380.905 -94.7607
380.91 -94.7533
380.922 -94.7365
380.94 -94.7095
380.964 -94.6723
380.996 -94.6236
381.036 -94.5639
381.084 -94.4922
381.14 -94.4078
381.205 -94.3103
381.279 -94.2
381.36 -94.077
381.451 -93.9414
381.549 -93.7934
381.656 -93.6332
381.77 -93.461
381.893 -93.2773
382.022 -93.0822
382.16 -92.8758
382.305 -92.6583
382.45 -92.4338
382.595 -92.2055
382.743 -91.9717
382.895 -91.7299
383.052 -91.4792
383.215 -91.2181
383.383 -90.9462
383.559 -90.6619
383.744 -90.3624
383.935 -90.0525
384.133 -89.732
384.336 -89.4003
384.546 -89.0577
384.762 -88.7055
384.981 -88.3476
385.197 -87.9864
385.409 -87.6253
385.618 -87.2664
385.822 -86.9112
386.022 -86.5599
386.219 -86.2124
386.413 -85.8673
386.606 -85.5233
386.798 -85.1785
386.991 -84.8317
387.185 -84.4818
387.381 -84.1289
387.577 -83.7733
387.771 -83.415
387.962 -83.0545
388.151 -82.6937
388.338 -82.3332
388.522 -81.9737
388.706 -81.6148
388.887 -81.2568
389.068 -80.8988
389.248 -80.5408
389.428 -80.182
389.607 -79.8225
389.787 -79.4618
389.967 -79.1005
390.144 -78.7371
390.318 -78.3721
390.49 -78.0061
390.66 -77.6397
390.829 -77.2729
390.996 -76.9062
391.163 -76.5392
391.329 -76.1722
391.495 -75.8049
391.659 -75.4375
391.824 -75.0697
391.988 -74.7018
392.152 -74.3334
392.313 -73.9638
392.471 -73.5925
392.627 -73.2206
392.781 -72.8478
392.934 -72.4746
393.086 -72.1009
393.237 -71.727
393.387 -71.3526
393.537 -70.9783
393.686 -70.6036
393.835 -70.229
393.984 -69.8541
394.132 -69.4792
394.277 -69.1031
394.418 -68.7259
394.558 -68.3478
394.696 -67.9692
394.833 -67.5898
394.969 -67.2101
395.104 -66.8298
395.238 -66.4495
395.372 -66.0688
395.505 -65.6881
395.638 -65.3072
395.77 -64.9265
395.903 -64.5455
396.032 -64.1638
396.157 -63.7809
396.28 -63.3974
396.402 -63.0132
396.523 -62.6285
396.642 -62.2433
396.761 -61.8578
396.879 -61.4719
396.997 -61.086
397.114 -60.6998
397.23 -60.3137
397.346 -59.9275
397.462 -59.5413
397.575 -59.1543
397.683 -58.7666
397.79 -58.3781
397.896 -57.9892
398 -57.5996
398.103 -57.2098
398.205 -56.8194
398.307 -56.429
398.408 -56.0382
398.508 -55.6476
398.608 -55.2567
398.708 -54.8661
398.807 -54.4752
398.903 -54.084
398.996 -53.6918
399.086 -53.2994
399.175 -52.9062
399.263 -52.5129
399.35 -52.1189
399.436 -51.7248
399.521 -51.3304
399.606 -50.936
399.69 -50.5413
399.774 -50.1468
399.857 -49.7522
399.941 -49.3577
400.022 -48.9628
400.101 -48.5678
400.18 -48.1724
400.258 -47.777
400.336 -47.3813
400.413 -46.9855
400.49 -46.5894
400.566 -46.1934
400.642 -45.7973
400.718 -45.402
400.793 -45.0082
400.867 -44.6176
400.94 -44.231
401.011 -43.8495
401.08 -43.473
401.147 -43.1021
401.213 -42.7362
401.277 -42.3751
401.341 -42.0177
401.403 -41.6637
401.465 -41.3123
401.526 -40.9635
401.586 -40.6168
401.645 -40.2727
401.703 -39.9311
401.76 -39.5927
401.817 -39.2575
401.873 -38.9262
401.929 -38.5984
401.983 -38.2745
402.037 -37.9541
402.091 -37.6374
402.143 -37.3237
402.195 -37.0132
402.247 -36.7053
402.298 -36.4002
402.348 -36.0975
402.397 -35.7976
402.446 -35.5001
402.494 -35.2057
402.541 -34.9139
402.587 -34.6254
402.633 -34.3397
402.679 -34.0571
402.723 -33.7773
402.768 -33.5005
402.811 -33.2263
402.855 -32.9549
402.898 -32.6858
402.94 -32.4194
402.982 -32.1552
403.024 -31.8938
403.065 -31.6346
403.106 -31.378
403.145 -31.1238
403.184 -30.8722
403.222 -30.623
403.26 -30.3726
403.296 -30.1343
403.33 -29.9103
403.364 -29.6822
403.4 -29.4496
403.436 -29.2108
403.472 -28.9681
403.509 -28.7263
403.544 -28.489
403.579 -28.2568
403.613 -28.0294
403.647 -27.8061
403.68 -27.5864
403.712 -27.3693
403.745 -27.1536
403.777 -26.939
403.809 -26.7256
403.84 -26.5141
403.871 -26.3046
403.901 -26.0956
403.931 -25.8836
403.962 -25.6645
403.995 -25.4356
404.029 -25.1955
404.064 -24.9433
404.102 -24.6797
404.139 -24.4138
404.177 -24.1433
404.216 -23.8669
404.255 -23.5867
404.294 -23.3079
404.333 -23.0333
404.369 -22.7741
404.397 -22.5711
404.417 -22.4349
404.426 -22.3649
404.428 -22.3533
404.428 -22.3532
404.428 -22.3529
404.428 -22.3527
404.428 -22.3525
404.428 -22.3524
404.428 -22.3523
404.428 -22.3522
404.428 -22.3522
404.428 -22.3521
404.428 -22.3521
404.428 -22.352
404.428 -22.352
404.428 -22.352
404.428 -22.352
404.428 -22.352
404.428 -22.352
404.428 -22.352
404.428 -22.352
404.428 -22.3519
404.428 -22.3519
404.428 -22.3519
404.428 -22.3519
404.428 -22.3519
404.428 -22.3519
404.428 -22.3519
404.428 -22.3519
404.428 -22.3519
404.428 -22.3519
404.428 -22.3519
404.428 -22.3519
404.428 -22.3519
404.428 -22.3519
404.428 -22.3519
404.429 -22.349
404.43 -22.3399
404.432 -22.3222
404.437 -22.2927
404.443 -22.2502
404.45 -22.1944
404.46 -22.1255
404.472 -22.042
404.485 -21.9437
404.501 -21.8309
404.519 -21.7036
404.538 -21.5612
404.559 -21.4032
404.583 -21.2298
404.608 -21.0415
404.635 -20.8389
404.664 -20.6224
404.695 -20.3921
404.727 -20.1483
404.761 -19.8912
404.797 -19.6253
404.832 -19.3572
404.869 -19.0831
404.906 -18.8011
404.945 -18.5089
404.985 -18.2054
405.027 -17.8882
405.071 -17.5562
405.116 -17.2119
405.163 -16.8553
405.212 -16.4852
405.263 -16.1021
405.317 -15.7056
405.373 -15.2976
405.43 -14.8818
405.487 -14.4636
405.545 -14.047
405.602 -13.6345
405.658 -13.227
405.714 -12.825
405.769 -12.4281
405.824 -12.0352
405.879 -11.6443
405.935 -11.254
405.993 -10.8622
406.052 -10.4676
406.112 -10.0696
406.173 -9.66888
406.235 -9.26605
406.298 -8.86265
406.36 -8.45953
406.423 -8.05784
406.486 -7.65769
406.548 -7.25945
406.61 -6.8625
406.675 -6.46698
406.741 -6.07191
406.808 -5.67683
406.876 -5.28096
406.944 -4.88436
407.014 -4.48675
407.084 -4.08863
407.154 -3.69003
407.225 -3.29161
407.296 -2.89334
407.367 -2.49572
407.438 -2.09851
407.509 -1.70196
407.583 -1.30606
407.658 -0.910743
407.735 -0.513915
407.813 -0.113074
407.893 0.294662
407.976 0.710885
408.061 1.13737
408.149 1.57478
408.24 2.02416
408.334 2.48566
408.43 2.95995
408.531 3.44668
408.636 3.94648
408.745 4.45961
408.857 4.98617
408.973 5.52556
409.092 6.07748
409.215 6.64152
409.34 7.21746
409.468 7.80505
409.596 8.40467
409.723 9.01626
409.85 9.63956
409.977 10.2744
410.106 10.9207
410.235 11.5784
410.365 12.2472
410.496 12.9272
410.625 13.6187
410.751 14.3217
410.875 15.0362
410.997 15.762
411.114 16.4993
411.224 17.2482
411.331 18.0085
411.433 18.7802
411.526 19.563
411.609 20.357
411.685 21.1622
411.753 21.9786
411.815 22.8058
411.871 23.6438
411.923 24.4924
411.972 25.3515
412.015 26.2209
412.054 27.1007
412.09 27.9907
412.122 28.8908
412.151 29.801
412.177 30.7213
412.2 31.6514
412.221 32.5914
412.239 33.5413
412.255 34.5009
412.269 35.4702
412.281 36.4491
412.291 37.4376
412.3 38.4356
412.308 39.4431
412.314 40.46
412.32 41.4862
412.325 42.5218
412.33 43.5667
412.334 44.6207
412.338 45.684
412.342 46.7563
412.346 47.8377
412.35 48.9282
412.354 50.0276
412.358 51.1359
412.363 52.2531
412.367 53.3792
412.373 54.514
412.378 55.6576
412.384 56.8099
412.391 57.9708
412.398 59.1403
412.405 60.3184
412.413 61.5049
412.421 62.7
412.429 63.9034
412.438 65.1147
412.448 66.3323
412.457 67.5536
412.467 68.7758
412.477 69.9964
412.487 71.2137
412.497 72.427
412.507 73.6361
412.518 74.842
412.528 76.0458
412.539 77.2489
412.55 78.4525
412.56 79.6576
412.572 80.8647
412.583 82.0738
412.594 83.2846
412.606 84.4965
412.618 85.7088
412.629 86.921
412.641 88.1324
412.653 89.343
412.666 90.5525
412.678 91.7612
412.69 92.9693
412.703 94.1771
412.715 95.385
412.728 96.5932
412.74 97.8019
412.753 99.011
412.766 100.221
412.778 101.43
412.791 102.64
412.804 103.85
412.817 105.06
412.83 106.27
412.843 107.479
412.856 108.688
412.869 109.897
412.882 111.106
412.895 112.315
412.908 113.524
412.921 114.733
412.934 115.943
412.947 117.152
412.96 118.361
412.973 119.571
412.986 120.78
412.999 121.99
413.011 123.199
413.024 124.408
413.037 125.618
413.049 126.827
413.062 128.036
413.075 129.245
413.088 130.455
413.1 131.664
413.113 132.873
413.126 134.082
413.138 135.292
413.151 136.501
413.163 137.71
413.176 138.92
413.188 140.129
413.201 141.338
413.213 142.548
413.226 143.757
413.238 144.966
413.251 146.176
413.263 147.385
413.276 148.594
413.288 149.803
413.301 151.013
413.313 152.222
413.326 153.431
413.338 154.64
413.351 155.85
413.364 157.059
413.376 158.268
413.389 159.478
413.402 160.687
413.414 161.896
413.427 163.105
413.44 164.315
413.452 165.524
413.465 166.733
413.478 167.943
413.49 169.152
413.503 170.361
413.516 171.57
413.528 172.78
413.541 173.989
413.554 175.198
413.567 176.407
413.579 177.617
413.592 178.826
413.605 180.035
413.617 181.245
413.63 182.454
413.643 183.663
413.655 184.872
413.668 186.082
413.68 187.291
413.693 188.5
413.705 189.71
413.718 190.919
413.73 192.128
413.743 193.337
413.756 194.547
413.768 195.756
413.781 196.965
413.794 198.174
413.806 199.384
413.819 200.593
413.831 201.802
413.844 203.012
413.857 204.221
413.87 205.43
413.882 206.639
413.895 207.849
413.908 209.058
413.92 210.267
413.933 211.477
413.945 212.686
413.958 213.895
413.97 215.104
413.983 216.314
413.996 217.523
414.009 218.732
414.021 219.941
414.034 221.151
414.047 222.36
414.059 223.569
414.07 224.779
414.081 225.988
414.09 227.197
414.098 228.406
414.102 229.616
414.104 230.825
414.103 232.034
414.096 233.243
414.085 234.453
414.068 235.662
414.045 236.871
414.016 238.079
413.98 239.288
413.935 240.496
413.883 241.704
413.824 242.912
413.755 244.119
413.676 245.325
413.589 246.531
413.492 247.736
413.386 248.941
413.27 250.144
413.145 251.347
413.009 252.548
412.865 253.749
412.71 254.948
412.545 256.146
412.37 257.342
412.186 258.537
411.993 259.73
411.79 260.922
411.577 262.113
411.355 263.301
411.124 264.488
410.884 265.673
410.636 266.857
410.378 268.038
410.111 269.217
409.837 270.395
409.553 271.57
409.26 272.743
408.958 273.914
408.648 275.083
408.33 276.249
408.003 277.413
407.667 278.575
407.322 279.734
406.97 280.89
406.608 282.044
406.238 283.195
405.859 284.343
405.471 285.489
405.076 286.631
404.672 287.771
404.259 288.907
403.838 290.041
403.409 291.171
402.971 292.298
402.524 293.422
402.069 294.542
401.607 295.659
401.136 296.773
400.656 297.883
400.169 298.989
399.673 300.092
399.169 301.191
398.658 302.287
398.138 303.379
397.611 304.467
397.076 305.551
396.533 306.632
395.982 307.708
395.423 308.78
394.856 309.848
394.281 310.911
393.699 311.971
393.108 313.026
392.509 314.077
391.903 315.123
391.289 316.165
390.667 317.201
390.037 318.233
389.4 319.261
388.754 320.283
388.102 321.301
387.441 322.314
386.773 323.322
386.097 324.324
385.415 325.322
384.724 326.315
384.026 327.302
383.32 328.284
382.608 329.26
381.888 330.232
381.161 331.198
380.427 332.159
379.685 333.114
378.937 334.064
378.182 335.009
377.421 335.948
376.652 336.881
375.877 337.809
375.095 338.732
374.306 339.648
373.511 340.558
372.708 341.463
371.9 342.362
371.084 343.255
370.262 344.141
369.433 345.021
368.598 345.896
367.757 346.764
366.908 347.626
366.053 348.481
365.192 349.329
364.324 350.171
363.451 351.007
362.571 351.836
361.684 352.659
360.792 353.475
359.894 354.284
358.99 355.087
358.08 355.884
357.164 356.673
356.243 357.456
355.316 358.232
354.383 359.002
353.444 359.764
352.5 360.519
351.55 361.267
350.595 362.009
349.634 362.743
348.668 363.469
347.696 364.189
346.72 364.902
345.737 365.607
344.75 366.304
343.757 366.994
342.759 367.677
341.756 368.352
340.748 369.02
339.734 369.679
338.716 370.332
337.694 370.977
336.666 371.614
335.634 372.243
334.597 372.865
333.555 373.479
332.509 374.085
331.458 374.684
330.403 375.274
329.344 375.857
328.28 376.432
327.213 377
326.141 377.56
325.065 378.112
323.985 378.656
322.902 379.193
321.814 379.721
320.723 380.241
319.628 380.753
318.529 381.257
317.426 381.754
316.32 382.241
315.21 382.721
314.096 383.192
312.979 383.655
311.859 384.11
310.735 384.555
309.608 384.992
308.477 385.421
307.344 385.842
306.207 386.254
305.067 386.657
303.924 387.052
302.778 387.439
301.63 387.817
300.478 388.185
299.324 388.546
298.167 388.898
297.008 389.241
295.846 389.576
294.682 389.902
293.515 390.219
292.346 390.528
291.175 390.829
290.002 391.121
288.826 391.405
287.649 391.68
286.469 391.947
285.288 392.205
284.105 392.454
282.92 392.694
281.733 392.925
280.545 393.149
279.355 393.363
278.163 393.568
276.97 393.764
275.776 393.951
274.58 394.13
273.383 394.298
272.184 394.458
270.984 394.609
269.784 394.752
268.582 394.885
267.379 395.009
266.176 395.124
264.971 395.231
263.766 395.329
262.56 395.418
261.354 395.498
260.147 395.57
258.939 395.633
257.731 395.688
256.523 395.735
255.314 395.774
254.105 395.806
252.896 395.83
251.687 395.848
250.478 395.859
249.269 395.865
248.059 395.865
246.85 395.861
245.641 395.853
244.431 395.842
243.222 395.828
242.013 395.812
240.803 395.795
239.594 395.777
238.385 395.758
237.176 395.739
235.966 395.721
234.757 395.704
233.548 395.687
232.339 395.672
231.13 395.659
229.92 395.647
228.711 395.638
227.502 395.63
226.292 395.624
225.083 395.621
223.874 395.62
222.664 395.62
221.455 395.623
220.245 395.627
219.036 395.633
217.827 395.64
216.617 395.648
215.408 395.658
214.199 395.668
212.99 395.679
211.78 395.691
210.571 395.703
209.362 395.715
208.152 395.728
206.943 395.741
205.734 395.754
204.525 395.766
203.315 395.779
202.106 395.791
200.897 395.803
199.687 395.815
198.478 395.826
197.269 395.837
196.06 395.848
194.85 395.859
193.641 395.869
192.432 395.879
191.223 395.889
190.013 395.898
188.804 395.907
187.595 395.917
186.385 395.926
185.176 395.935
183.967 395.943
182.758 395.952
181.548 395.962
180.339 395.971
179.13 395.98
177.92 395.989
176.711 395.999
175.502 396.009
174.293 396.018
173.083 396.028
171.874 396.039
170.665 396.049
169.456 396.059
168.246 396.069
167.037 396.079
165.828 396.089
164.618 396.099
163.409 396.108
162.2 396.115
160.99 396.121
159.781 396.124
158.572 396.125
157.363 396.12
156.154 396.111
154.945 396.095
153.736 396.072
152.527 396.042
151.318 396.005
150.11 395.959
148.902 395.904
147.695 395.84
146.488 395.767
145.282 395.685
144.076 395.593
142.872 395.491
141.668 395.381
140.464 395.261
139.262 395.132
138.061 394.993
136.861 394.846
135.662 394.69
134.464 394.525
133.268 394.35
132.072 394.167
130.878 393.976
129.686 393.777
128.495 393.569
127.305 393.353
126.117 393.128
124.93 392.896
123.745 392.656
122.562 392.407
121.38 392.15
120.201 391.885
119.022 391.613
117.846 391.332
116.672 391.044
115.5 390.747
114.329 390.443
113.161 390.131
111.995 389.811
110.832 389.483
109.67 389.147
108.511 388.803
107.354 388.452
106.199 388.092
105.047 387.725
103.898 387.35
102.751 386.967
101.607 386.576
100.465 386.177
99.3263 385.771
98.1902 385.357
97.0571 384.935
95.927 384.505
94.7998 384.067
93.6754 383.622
92.554 383.17
91.4357 382.71
90.3206 382.242
89.2087 381.767
88.0998 381.285
86.9945 380.795
85.8926 380.297
84.7942 379.792
83.6992 379.279
82.6075 378.759
81.5196 378.231
80.4355 377.696
79.3551 377.153
78.2783 376.603
77.2056 376.045
76.1369 375.479
75.0722 374.906
74.0114 374.326
72.9544 373.739
71.9017 373.144
70.8533 372.541
69.809 371.932
68.7688 371.315
67.733 370.691
66.7018 370.06
65.6749 369.422
64.6524 368.776
63.634 368.124
62.6204 367.465
61.6115 366.799
60.607 366.126
59.607 365.446
58.6118 364.759
57.6217 364.065
56.6363 363.364
55.6555 362.657
54.6794 361.943
53.7084 361.223
52.7426 360.495
51.7816 359.761
50.8254 359.021
49.8745 358.274
48.929 357.521
47.9887 356.761
47.0535 355.994
46.1232 355.222
45.1985 354.442
44.2793 353.657
43.3654 352.865
42.4567 352.067
41.5538 351.263
40.6566 350.453
39.765 349.636
38.8789 348.813
37.9981 347.985
37.1233 347.15
36.2544 346.309
35.3911 345.462
34.5334 344.61
33.6811 343.752
32.8349 342.889
31.9946 342.019
31.16 341.144
30.3312 340.264
29.5086 339.378
28.6923 338.486
27.8822 337.588
27.078 336.685
26.2798 335.777
25.4881 334.863
24.703 333.943
23.9241 333.018
23.1514 332.088
22.3855 331.153
21.6263 330.212
20.8738 329.265
20.1276 328.314
19.3878 327.357
18.6549 326.396
17.9289 325.429
17.2094 324.457
16.4964 323.48
15.7905 322.499
15.0917 321.512
14.3996 320.521
13.7143 319.524
13.0355 318.524
12.3638 317.518
11.6993 316.508
11.0416 315.493
10.3906 314.474
9.74684 313.451
9.11052 312.423
8.48163 311.391
7.8609 310.358
7.24926 309.324
6.64813 308.292
6.05825 307.265
5.47984 306.243
4.91288 305.226
4.35703 304.217
3.81162 303.213
3.27576 302.214
2.74846 301.22
2.22873 300.229
1.71562 299.242
1.20736 298.256
0.70195 297.269
0.197864 296.278
-0.306095 295.282
-0.810816 294.281
-1.31697 293.274
-1.82508 292.259
-2.33552 291.238
-2.84858 290.21
-3.36428 289.173
-3.88271 288.13
-4.40399 287.078
-4.92816 286.019
-5.45523 284.952
-5.98488 283.878
-6.51693 282.795
-7.05101 281.705
-7.58616 280.61
-8.12081 279.512
-8.65362 278.413
-9.18366 277.314
-9.71027 276.219
-10.233 275.125
-10.7519 274.035
-11.2674 272.945
-11.7799 271.856
-12.2907 270.767
-12.8003 269.675
-13.3091 268.582
-13.8177 267.487
-14.3272 266.389
-14.838 265.291
-15.3502 264.192
-15.8639 263.094
-16.3805 261.998
-16.9007 260.905
-17.4244 259.814
-17.9523 258.726
-18.4858 257.642
-19.0258 256.561
-19.5724 255.484
-20.1262 254.411
-20.6872 253.341
-21.2568 252.275
-21.8352 251.214
-22.4221 250.156
-23.0176 249.104
-23.6223 248.056
-24.236 247.014
-24.8559 245.983
-25.4781 244.966
-26.1001 243.97
-26.7202 242.995
-27.3368 242.044
-27.949 241.118
-28.5557 240.216
-29.1562 239.339
-29.7496 238.486
-30.3354 237.658
-30.9128 236.854
-31.4811 236.074
-32.0395 235.315
-32.5875 234.578
-33.1247 233.862
-33.6507 233.167
-34.165 232.491
-34.6677 231.833
-35.1603 231.191
-35.6445 230.563
-36.1222 229.944
-36.5963 229.332
-37.069 228.722
-37.5428 228.11
-38.0193 227.494
-38.4994 226.874
-38.9832 226.248
-39.4703 225.618
-39.9597 224.984
-40.451 224.349
-40.9431 223.714
-41.4352 223.079
-41.9267 222.446
-42.4172 221.815
-42.9069 221.185
-43.3967 220.558
-43.8869 219.933
-44.3776 219.309
-44.8691 218.685
-45.3615 218.063
-45.8549 217.44
-46.3501 216.818
-46.8472 216.196
-47.3456 215.575
-47.8452 214.955
-48.3459 214.335
-48.8473 213.716
-49.3501 213.098
-49.8543 212.481
-50.3595 211.865
-50.8655 211.251
-51.3724 210.637
-51.8799 210.024
-52.3881 209.411
-52.8972 208.8
-53.4073 208.189
-53.9181 207.578
-54.4296 206.968
-54.9417 206.359
-55.4543 205.749
-55.9679 205.141
-56.4826 204.534
-56.9981 203.927
-57.5144 203.321
-58.0313 202.715
-58.5488 202.111
-59.0677 201.507
-59.5882 200.904
-60.1098 200.303
-60.6325 199.703
-61.1561 199.103
-61.6805 198.504
-62.2067 197.907
-62.7347 197.311
-63.264 196.716
-63.7946 196.123
-64.3262 195.53
-64.8587 194.939
-65.392 194.347
-65.9271 193.758
-66.4639 193.17
-67.0021 192.584
-67.5416 191.998
-68.0821 191.414
-68.6236 190.83
-69.167 190.248
-69.7123 189.668
-70.259 189.09
-70.8069 188.512
-71.356 187.936
-71.9061 187.36
-72.458 186.787
-73.0117 186.215
-73.5667 185.644
-74.123 185.075
-74.6804 184.506
-75.2387 183.939
-75.7988 183.373
-76.3606 182.809
-76.9237 182.246
-77.488 181.685
-78.0533 181.124
-78.6196 180.565
-79.1866 180.006
-79.7553 179.449
-80.3256 178.893
-80.8972 178.339
-81.47 177.787
-82.0438 177.235
-82.6186 176.684
-83.1951 176.135
-83.7733 175.588
-84.3529 175.042
-84.9337 174.498
-85.5155 173.954
-86.0983 173.412
-86.6828 172.871
-87.2689 172.333
-87.8564 171.796
-88.445 171.26
-89.0346 170.725
-89.6251 170.191
-90.2173 169.659
-90.8111 169.129
-91.4061 168.6
-92.0023 168.072
-92.5994 167.546
-93.1973 167.02
-93.796 166.495
-94.3963 165.972
-94.9981 165.451
-95.6011 164.932
-96.2052 164.413
-96.8102 163.896
-97.4162 163.38
-98.0238 162.865
-98.633 162.353
-99.2434 161.842
-99.8551 161.332
-100.468 160.824
-101.081 160.316
-101.696 159.811
-102.313 159.307
-102.931 158.805
-103.55 158.305
-104.169 157.805
-104.79 157.307
-105.412 156.81
-106.036 156.316
-106.661 155.822
-107.287 155.331
-107.914 154.84
-108.541 154.35
-109.17 153.861
-109.8 153.374
-110.431 152.889
-111.063 152.406
-111.696 151.923
-112.331 151.442
-112.966 150.962
-113.602 150.484
-114.24 150.008
-114.88 149.534
-115.52 149.061
-116.161 148.589
-116.803 148.118
-117.447 147.65
-118.092 147.183
-118.738 146.718
-119.385 146.255
-120.033 145.792
-120.682 145.331
-121.332 144.871
-121.984 144.414
-122.636 143.958
-123.29 143.504
-123.944 143.051
-124.6 142.598
-125.255 142.147
-125.913 141.698
-126.571 141.25
-127.231 140.804
-127.891 140.36
-128.552 139.917
-129.214 139.475
-129.878 139.035
-130.543 138.597
-131.208 138.161
-131.875 137.726
-132.543 137.292
-133.212 136.86
-133.881 136.43
-134.553 136.002
-135.225 135.575
-135.898 135.15
-136.572 134.726
-137.246 134.303
-137.922 133.883
-138.599 133.464
-139.278 133.048
-139.957 132.632
-140.636 132.218
-141.317 131.805
-141.998 131.392
-142.68 130.982
-143.363 130.573
-144.047 130.166
-144.732 129.759
-145.417 129.354
-146.103 128.95
-146.789 128.547
-147.476 128.144
-148.163 127.742
-148.851 127.341
-149.539 126.94
-150.227 126.539
-150.915 126.139
-151.603 125.739
-152.291 125.339
-152.98 124.939
-153.668 124.539
-154.357 124.14
-155.045 123.74
-155.734 123.342
-156.424 122.943
-157.113 122.546
-157.803 122.148
-158.493 121.751
-159.183 121.354
-159.874 120.958
-160.566 120.565
-161.259 120.172
-161.952 119.781
-162.646 119.391
-163.34 119.002
-164.036 118.616
-164.734 118.232
-165.432 117.849
-166.131 117.469
-166.831 117.09
-167.532 116.712
-168.234 116.337
-168.938 115.965
-169.643 115.595
-170.348 115.226
-171.055 114.859
-171.762 114.494
-172.47 114.131
-173.18 113.771
-173.891 113.413
-174.603 113.056
-175.316 112.702
-176.029 112.348
-176.743 111.996
-177.458 111.646
-178.175 111.3
-178.892 110.955
-179.611 110.612
-180.33 110.27
-181.05 109.93
-181.771 109.593
-182.493 109.259
-183.217 108.926
-183.941 108.596
-184.666 108.267
-185.392 107.94
-186.119 107.616
-186.847 107.294
-187.576 106.975
-188.306 106.657
-189.037 106.341
-189.768 106.027
-190.501 105.715
-191.234 105.406
-191.969 105.099
-192.704 104.794
-193.44 104.491
-194.177 104.189
-194.914 103.888
-195.652 103.59
-196.391 103.294
-197.131 103.001
-197.872 102.71
-198.613 102.42
-199.355 102.132
-200.099 101.846
-200.843 101.564
-201.588 101.283
-202.334 101.005
-203.08 100.728
-203.827 100.453
-204.575 100.181
-205.324 99.9119
-206.074 99.6448
-206.825 99.3796
-207.576 99.116
-208.328 98.854
-209.081 98.5948
-209.834 98.3384
-210.589 98.0842
-211.344 97.8319
-212.099 97.5813
-212.855 97.3321
-213.612 97.0842
-214.369 96.839
-215.127 96.5966
-215.886 96.3563
-216.646 96.118
-217.406 95.8813
-218.167 95.6462
-218.928 95.414
-219.69 95.1848
-220.453 94.9579
-221.217 94.733
-221.981 94.5098
-222.746 94.2882
-223.511 94.0696
-224.278 93.8539
-225.044 93.6404
-225.812 93.4289
-226.58 93.2191
-227.348 93.0108
-228.117 92.8055
-228.887 92.603
-229.658 92.4028
-230.429 92.2045
-231.2 92.0078
-231.972 91.8127
-232.744 91.6188
-233.517 91.4278
-234.29 91.2396
-235.064 91.0536
-235.839 90.8695
-236.614 90.6871
-237.389 90.5064
-238.164 90.3289
-238.937 90.1549
-239.706 89.9841
-240.469 89.8168
-241.225 89.6528
-241.973 89.4922
-242.713 89.3365
-243.443 89.1854
-244.166 89.0383
-244.88 88.8947
-245.587 88.7542
-246.287 88.6164
-246.98 88.481
-247.668 88.3494
-248.351 88.2214
-249.027 88.0963
-249.698 87.9737
-250.364 87.8535
-251.023 87.7355
-251.676 87.6194
-252.324 87.507
-252.965 87.3979
-253.6 87.2916
-254.229 87.1876
-254.852 87.0857
-255.47 86.9858
-256.081 86.8875
-256.687 86.7907
-257.287 86.6971
-257.882 86.6064
-258.472 86.518
-259.056 86.4314
-259.634 86.3469
-260.207 86.2639
-260.775 86.1825
-261.337 86.1023
-261.894 86.0252
-262.445 85.9506
-262.992 85.8781
-263.533 85.8072
-264.069 85.7381
-264.601 85.6701
-265.127 85.6035
-265.648 85.5379
-266.164 85.4735
-266.675 85.4097
-267.182 85.3488
-267.684 85.29
-268.181 85.2331
-268.673 85.1774
-269.16 85.1233
-269.643 85.07
-270.122 85.018
-270.595 84.9667
-271.065 84.9164
-271.529 84.8666
-271.99 84.8195
-272.445 84.7742
-272.897 84.7305
-273.344 84.6877
-273.787 84.6462
-274.226 84.6054
-274.661 84.5657
-275.091 84.5265
-275.517 84.4882
-275.936 84.4505
-276.348 84.4139
-276.753 84.3793
-277.151 84.347
-277.544 84.3155
-277.935 84.2852
-278.325 84.2551
-278.718 84.2255
-279.115 84.1957
-279.516 84.1662
-279.921 84.1363
-280.329 84.1067
-280.738 84.0769
-281.146 84.0476
-281.553 84.0198
-281.958 83.9938
-282.36 83.9685
-282.76 83.9442
-283.16 83.9203
-283.559 83.897
-283.958 83.8738
-284.359 83.8512
-284.76 83.8284
-285.163 83.806
-285.567 83.7835
-285.972 83.7614
-286.376 83.7407
-286.781 83.7217
-287.184 83.7033
-287.587 83.6858
-287.99 83.6685
-288.392 83.652
-288.794 83.6355
-289.196 83.6197
-289.598 83.6038
-290.001 83.5883
-290.404 83.5728
-290.807 83.5576
-291.21 83.5423
-291.614 83.5285
-292.017 83.5154
-292.42 83.5031
-292.824 83.491
-293.227 83.4795
-293.63 83.468
-294.033 83.4571
-294.435 83.4462
-294.838 83.4356
-295.241 83.425
-295.644 83.4147
-296.047 83.4042
-296.45 83.3927
-296.854 83.3795
-297.257 83.3661
-297.66 83.3519
-298.063 83.3376
-298.466 83.3226
-298.869 83.3076
-299.272 83.2921
-299.675 83.2768
-300.077 83.2609
-300.48 83.2452
-300.883 83.2291
-301.286 83.2132
-301.689 83.1937
-302.091 83.1706
-302.493 83.1451
-302.895 83.1182
-303.297 83.0897
-303.7 83.0603
-304.102 83.0298
-304.504 82.9987
-304.906 82.9667
-305.308 82.9344
-305.71 82.9014
-306.112 82.8683
-306.513 82.8311
-306.914 82.7892
-307.314 82.7444
-307.714 82.6977
-308.114 82.649
-308.514 82.5992
-308.915 82.5478
-309.315 82.4957
-309.715 82.4425
-310.115 82.3889
-310.515 82.3345
-310.914 82.2799
-311.313 82.2246
-311.712 82.1657
-312.109 82.1012
-312.506 82.034
-312.903 81.9641
-313.299 81.8925
-313.696 81.819
-314.093 81.7445
-314.489 81.6685
-314.885 81.592
-315.281 81.5143
-315.677 81.4364
-316.073 81.3576
-316.468 81.2788
-316.862 81.1956
-317.255 81.1073
-317.647 81.0156
-318.038 80.9217
-318.43 80.8255
-318.821 80.7279
-319.212 80.6286
-319.603 80.5285
-319.994 80.427
-320.384 80.3252
-320.775 80.2224
-321.164 80.1194
-321.553 80.012
-321.939 79.8998
-322.325 79.7843
-322.71 79.6667
-323.095 79.5468
-323.479 79.4256
-323.863 79.3026
-324.248 79.1789
-324.631 79.0539
-325.015 78.9285
-325.398 78.8022
-325.781 78.6757
-326.164 78.5485
-326.545 78.4179
-326.924 78.2818
-327.301 78.1429
-327.678 78.0014
-328.055 77.8581
-328.431 77.7129
-328.807 77.5666
-329.183 77.4188
-329.558 77.2704
-329.933 77.121
-330.308 76.9713
-330.682 76.8209
-331.055 76.667
-331.424 76.5079
-331.793 76.3462
-332.16 76.1819
-332.527 76.016
-332.894 75.8481
-333.26 75.6792
-333.626 75.5089
-333.992 75.338
-334.357 75.1661
-334.722 74.9939
-335.087 74.821
-335.451 74.6481
-335.813 74.4713
-336.172 74.2898
-336.53 74.1053
-336.886 73.9187
-337.242 73.73
-337.598 73.5399
-337.953 73.3481
-338.308 73.1556
-338.662 72.9619
-339.016 72.7679
-339.37 72.573
-339.723 72.378
-340.075 72.1824
-340.426 71.9837
-340.772 71.78
-341.118 71.5737
-341.462 71.3648
-341.806 71.1543
-342.149 70.9418
-342.491 70.7283
-342.833 70.5135
-343.174 70.2981
-343.515 70.0817
-343.855 69.8651
-344.195 69.6479
-344.533 69.4276
-344.866 69.2027
-345.198 68.9754
-345.529 68.7457
-345.859 68.5145
-346.188 68.2814
-346.517 68.0474
-346.845 67.812
-347.172 67.5761
-347.499 67.3394
-347.826 67.1024
-348.152 66.8648
-348.477 66.6272
-348.8 66.3862
-349.119 66.1411
-349.436 65.8933
-349.752 65.6437
-350.067 65.392
-350.381 65.1391
-350.694 64.8847
-351.007 64.6295
-351.319 64.3733
-351.631 64.1168
-351.942 63.8597
-352.253 63.6024
-352.562 63.3447
-352.87 63.0843
-353.173 62.8195
-353.474 62.5526
-353.773 62.2833
-354.072 62.0125
-354.369 61.74
-354.666 61.4666
-354.962 61.1919
-355.257 60.9167
-355.552 60.6407
-355.846 60.3646
-356.139 60.0879
-356.43 59.8088
-356.716 59.5257
-357 59.2406
-357.282 58.9534
-357.563 58.6649
-357.843 58.3747
-358.122 58.0836
-358.401 57.7913
-358.679 57.4986
-358.956 57.2052
-359.233 56.9115
-359.509 56.6175
-359.785 56.3234
-360.057 56.0266
-360.325 55.7264
-360.59 55.424
-360.854 55.1199
-361.117 54.8141
-361.378 54.5071
-361.639 54.1989
-361.899 53.89
-362.158 53.5802
-362.416 53.2702
-362.674 52.9597
-362.931 52.6492
-363.188 52.3383
-363.441 52.0252
-363.69 51.7088
-363.936 51.3905
-364.18 51.0702
-364.423 50.7487
-364.664 50.4256
-364.905 50.1017
-365.144 49.7768
-365.383 49.4514
-365.622 49.1255
-365.859 48.7994
-366.096 48.473
-366.33 48.1447
-366.558 47.8134
-366.784 47.4804
-367.008 47.1457
-367.23 46.8099
-367.451 46.4727
-367.672 46.1347
-367.891 45.7957
-368.11 45.4564
-368.327 45.1165
-368.545 44.7765
-368.761 44.4362
-368.977 44.096
-369.19 43.7537
-369.397 43.4089
-369.602 43.0623
-369.805 42.7145
-370.006 42.3652
-370.206 42.0149
-370.404 41.6636
-370.602 41.3118
-370.799 40.9593
-370.995 40.6066
-371.19 40.2536
-371.386 39.9006
-371.576 39.5457
-371.762 39.1889
-371.945 38.8304
-372.127 38.4708
-372.306 38.11
-372.484 37.7482
-372.661 37.3855
-372.837 37.0223
-373.012 36.6586
-373.186 36.2946
-373.36 35.9304
-373.533 35.5662
-373.706 35.2018
-373.875 34.8361
-374.038 34.4684
-374.199 34.0995
-374.357 33.7292
-374.514 33.358
-374.669 32.9857
-374.823 32.6128
-374.976 32.2391
-375.129 31.8653
-375.28 31.491
-375.43 31.1168
-375.58 30.7424
-375.73 30.368
-375.875 29.9924
-376.016 29.6153
-376.152 29.2368
-376.287 28.8574
-376.42 28.4769
-376.552 28.0957
-376.682 27.7136
-376.811 27.3312
-376.939 26.9483
-377.066 26.5653
-377.193 26.1822
-377.319 25.7991
-377.441 25.4151
-377.557 25.0299
-377.671 24.6437
-377.782 24.2568
-377.891 23.8689
-377.999 23.4803
-378.105 23.0911
-378.211 22.7015
-378.315 22.3115
-378.419 21.9215
-378.522 21.5313
-378.624 21.1413
-378.726 20.7511
-378.824 20.3605
-378.918 19.9689
-379.009 19.5769
-379.097 19.1846
-379.184 18.793
-379.268 18.4029
-379.352 18.0154
-379.433 17.6308
-379.513 17.2498
-379.591 16.8723
-379.668 16.4983
-379.744 16.1273
-379.819 15.759
-379.89 15.3924
-379.954 15.0266
-380.016 14.6611
-380.075 14.2957
-380.132 13.9304
-380.188 13.566
-380.241 13.203
-380.294 12.8422
-380.345 12.4841
-380.395 12.1292
-380.444 11.7775
-380.488 11.4288
-380.528 11.0828
-380.564 10.7391
-380.599 10.3972
-380.632 10.0568
-380.663 9.71775
-380.694 9.38006
-380.723 9.0438
-380.752 8.7093
-380.779 8.37675
-380.807 8.04651
-380.833 7.71868
-380.859 7.39342
-380.884 7.07064
-380.909 6.75032
-380.931 6.4322
-380.949 6.11618
-380.965 5.80191
-380.98 5.48931
-380.994 5.17823
-381.007 4.8688
-381.02 4.56103
-381.032 4.25504
-381.042 3.94987
-381.053 3.64323
-381.064 3.33298
-381.074 3.01881
-381.084 2.70214
-381.095 2.3857
-381.104 2.07225
-381.114 1.76334
-381.122 1.4597
-381.129 1.16161
-381.131 0.868436
-381.133 0.578371
-381.132 0.288535
-381.131 -0.00436394
-381.129 -0.303263
-381.127 -0.61056
-381.123 -0.928226
-381.12 -1.25772
-381.115 -1.6005
-381.11 -1.95667
-381.104 -2.32612
-381.098 -2.70892
-381.091 -3.10491
-381.084 -3.51413
-381.072 -3.93643
-381.054 -4.37183
-381.033 -4.82057
-381.01 -5.28278
-380.983 -5.75862
-380.954 -6.24836
-380.923 -6.75163
-380.889 -7.26547
-380.854 -7.78469
-380.819 -8.30439
-380.783 -8.82123
-380.743 -9.33217
-380.697 -9.83408
-380.649 -10.3262
-380.599 -10.8091
-380.547 -11.2838
-380.493 -11.7517
-380.439 -12.2152
-380.383 -12.6771
-380.326 -13.14
-380.268 -13.606
-380.205 -14.0754
-380.137 -14.5458
-380.067 -15.0138
-379.995 -15.4771
-379.923 -15.9346
-379.85 -16.3858
-379.777 -16.8314
-379.703 -17.2727
-379.629 -17.7118
-379.554 -18.1506
-379.478 -18.5911
-379.397 -19.0331
-379.307 -19.4743
-379.21 -19.9143
-379.108 -20.3525
-379.003 -20.7884
-378.894 -21.2217
-378.783 -21.6528
-378.67 -22.082
-378.554 -22.5099
-378.437 -22.9372
-378.318 -23.3643
-378.198 -23.7918
-378.072 -24.2181
